250
750
0 15
0 63
0 131
0 158
0 220
0 246
1 13
1 69
1 122
1 146
1 206
2 28
2 53
3 41
3 133
3 200
4 12
4 14
4 22
4 41
4 61
4 215
5 10
5 25
5 39
5 154
5 191
5 195
6 58
6 173
6 212
7 86
7 102
7 156
7 170
7 181
7 214
8 137
8 138
8 178
8 208
9 14
9 125
9 232
10 81
10 181
10 220
10 238
11 57
11 103
11 106
11 188
11 221
12 35
12 38
12 56
12 76
12 161
12 185
12 187
13 22
13 87
13 247
14 73
14 85
14 95
14 161
14 187
15 128
15 170
15 202
15 246
16 17
16 138
16 158
16 201
16 239
17 85
17 98
17 163
17 183
17 230
17 240
18 39
18 50
18 61
18 62
18 95
18 97
18 108
18 139
18 141
18 212
18 218
18 226
19 25
19 42
19 100
19 154
19 188
19 226
20 22
20 39
20 123
20 210
21 39
21 56
21 76
21 119
21 135
21 136
21 156
21 201
21 212
21 218
22 93
22 122
22 165
22 188
22 221
22 226
23 31
23 170
23 217
24 38
24 45
24 106
24 128
24 171
24 233
25 58
25 69
25 177
26 34
26 75
26 107
26 111
26 195
26 240
27 58
27 129
27 147
27 164
27 224
27 238
28 96
28 103
28 163
29 74
29 98
29 142
29 162
30 39
30 46
30 79
30 87
30 145
30 186
30 203
31 101
31 140
31 192
31 240
32 37
32 41
32 119
32 131
32 151
32 157
32 170
32 229
32 239
32 246
32 248
33 41
33 107
33 120
33 122
33 166
33 186
33 194
33 201
33 239
34 46
34 64
34 95
34 145
34 161
34 203
34 220
35 36
35 96
35 99
35 135
35 143
35 146
36 48
36 55
36 81
36 115
36 131
36 172
36 186
37 59
37 76
37 172
37 181
37 210
37 227
38 54
38 61
38 112
38 125
38 165
38 202
38 234
39 139
39 142
40 97
40 241
41 51
41 91
41 204
41 213
42 60
42 93
42 106
42 152
43 47
43 64
43 68
43 170
43 229
44 57
44 88
44 158
44 215
44 242
45 94
45 114
45 129
46 48
46 159
46 247
47 97
47 137
47 225
47 228
47 236
48 140
48 170
48 172
48 201
48 208
49 101
49 114
49 126
49 153
49 210
49 222
50 96
50 109
50 130
50 135
50 209
51 58
51 62
51 76
51 93
51 216
52 61
52 157
52 160
52 181
52 202
52 206
52 217
52 226
52 231
53 60
53 67
53 83
53 87
53 113
53 115
53 203
54 96
54 101
55 76
55 83
55 106
55 118
55 137
55 191
56 67
56 123
56 182
56 218
57 95
57 99
57 169
57 171
57 184
58 93
58 163
58 186
58 205
58 208
58 248
59 173
59 176
59 178
60 152
60 154
60 159
60 170
60 188
60 206
61 69
61 93
61 102
61 134
61 182
61 248
62 63
62 165
62 188
62 221
63 65
63 74
63 81
63 103
63 167
63 204
63 243
64 84
64 116
64 143
64 166
64 179
64 215
65 93
65 176
65 181
66 106
66 109
66 124
66 131
66 134
66 142
66 222
67 75
67 86
67 87
67 96
67 134
67 153
67 191
67 229
67 233
68 217
69 168
69 225
69 234
69 241
70 98
70 121
70 128
70 129
70 154
70 165
70 169
70 214
71 113
71 130
71 218
71 235
72 75
72 143
72 161
72 183
72 188
73 184
73 185
73 200
73 240
74 75
74 112
74 115
74 134
74 190
74 228
74 239
75 102
75 152
75 199
75 232
76 118
76 235
77 126
77 131
77 241
78 103
79 102
79 140
79 173
80 128
80 189
80 228
81 87
81 93
81 113
81 177
81 197
81 204
81 230
82 104
82 130
82 132
82 143
82 161
82 166
83 112
83 115
83 123
83 131
83 163
83 166
83 187
83 203
83 241
84 85
84 107
84 119
84 123
84 144
84 177
84 202
85 124
85 232
86 86
86 98
86 127
86 148
86 174
86 246
87 98
87 114
87 154
87 156
87 169
87 200
87 218
87 237
88 89
88 164
88 166
89 117
89 190
90 153
90 228
90 242
91 181
91 208
92 119
92 124
92 216
92 232
93 109
93 154
93 165
93 180
93 237
94 110
94 139
94 149
94 205
95 107
95 121
95 212
96 131
96 180
96 242
97 103
97 137
97 159
97 164
97 190
97 192
97 236
97 238
98 138
98 143
98 178
99 131
99 196
99 199
100 142
100 225
101 111
102 120
102 121
102 142
102 154
102 168
103 136
103 146
103 152
103 229
103 244
104 136
104 157
105 144
105 148
105 171
106 171
106 173
106 213
108 116
108 129
108 182
109 117
110 128
110 172
110 201
110 209
110 242
111 159
111 202
111 226
112 136
112 172
112 221
113 203
113 208
113 212
113 215
114 197
114 235
114 238
115 215
116 190
116 219
117 144
117 149
117 173
117 174
117 177
117 203
117 240
118 243
119 219
120 133
120 156
121 171
121 239
122 127
122 134
122 136
122 193
122 233
123 140
123 225
123 232
124 131
124 186
124 203
125 132
125 170
125 186
125 228
125 234
126 173
126 181
126 191
126 206
127 137
127 151
127 168
128 154
128 209
129 154
129 178
129 193
129 215
129 221
130 159
130 184
131 171
131 181
131 214
132 186
132 205
132 235
133 183
133 215
134 162
134 171
134 174
135 145
136 142
136 187
136 206
136 225
136 239
136 240
137 223
137 238
138 138
138 149
138 160
139 187
140 191
141 185
142 194
142 241
142 243
143 150
143 158
143 176
143 178
143 185
143 232
144 160
144 227
144 229
145 167
145 215
145 249
146 155
146 249
147 201
147 211
147 217
147 219
147 239
148 166
148 234
149 229
150 153
150 158
150 233
151 228
152 164
152 171
152 224
152 249
153 172
153 203
153 212
153 214
153 235
153 247
154 162
154 168
154 227
155 188
156 202
156 203
156 217
157 180
158 162
158 178
158 234
159 161
159 164
159 175
159 187
159 200
159 208
159 234
160 162
160 180
161 188
161 193
161 195
161 212
162 170
162 174
162 187
163 170
163 232
164 176
164 239
165 165
165 183
165 205
165 243
165 247
168 214
169 174
170 184
170 234
171 185
171 239
172 179
172 193
173 174
173 175
173 211
173 230
173 233
174 235
174 242
175 241
176 178
176 230
177 177
177 186
177 187
177 204
178 185
179 210
179 227
180 190
180 201
183 197
183 219
183 223
185 204
186 197
187 194
187 209
187 237
188 240
188 241
189 233
189 238
190 223
190 227
190 239
190 246
191 234
192 213
192 230
194 224
195 207
200 240
201 239
202 211
203 231
204 235
204 249
206 236
208 209
208 225
208 234
209 243
211 212
211 216
213 234
215 220
215 231
216 230
217 230
221 243
222 244
224 235
226 241
238 246
242 248
244 249
